# Data file produced by Principal Components
#	Input raster(s):
#		C:\Users\jhanson\Downloads\grids\bioclim.tif
#	The number of components = 19
#	Output raster(s):
#		C:\Users\jhanson\Downloads\grids\pca.tif


#                    COVARIANCE MATRIX

#    Layer             1             2             3             4             5             6             7             8             9            10            11            12            13            14            15            16            17            18            19
#  --------------------------------------------------------------------------
        1          721.73675     793.98291     626.91978   -3537.52671    -365.27317    -261.29373       8.10482   -1146.30854    -767.50248   -1458.09223    -738.69616     128.48945      16.58575    5703.48850     893.45785     598.62338     294.83448     520.28059     801.03848
        2          793.98291     893.04219     662.08597   -4032.97792    -408.38443    -296.32029      16.88326   -1269.15733    -893.44882   -1532.95875    -905.98694     156.47447      16.63400    8008.26766    1011.96594     624.88627     387.07967     647.00290     769.90985
        3          626.91978     662.08597     585.63730   -2839.66796    -306.09943    -212.67217      -5.00941    -980.49184    -589.48153   -1380.21992    -497.25919      86.90955      15.97642    2442.01976     733.71008     571.03559     162.67450     335.61481     865.65265
        4        -3537.52671   -4032.97792   -2839.66796   38465.71025    3513.16720    2936.41210    -533.80065   10406.41820    9000.10311   10296.76379    9868.63764    -923.67269    -123.12001  -41642.83887   -4711.80591   -2645.82004   -2065.98587   -4963.81625   -2565.83107
        5         -365.27317    -408.38443    -306.09943    3513.16720     392.11442     236.46569      -8.58454    1149.04197     717.28954    1159.00915     776.86980     -83.43568     -11.94392   -3508.96096    -475.74625    -295.24677    -180.49948    -350.23061    -349.34049
        6         -261.29373    -296.32029    -212.67217    2936.41210     236.46569     258.99710     -63.51569     705.58609     775.10134     736.84674     821.33971     -72.74589     -10.30864   -2930.86834    -346.43409    -188.69378    -157.74031    -410.65829    -212.26707
        7            8.10482      16.88326      -5.00941    -533.80065      -8.58454     -63.51569      36.49834     -22.10418    -203.79133      12.24229    -226.88672      12.90840       0.91441     820.10061      22.06873     -12.99505      35.06379     133.85800     -68.39696
        8        -1146.30854   -1269.15733    -980.49184   10406.41820    1149.04197     705.58609     -22.10418    3440.87931    2118.10022    3607.21865    2257.99478    -242.41045     -35.18203   -9865.00877   -1468.04632    -946.71611    -521.33021   -1007.03039   -1209.70957
        9         -767.50248    -893.44882    -589.48153    9000.10311     717.28954     775.10134    -203.79133    2118.10022    2405.36773    1997.93080    2642.33215    -225.81292     -27.33670  -10770.65038   -1048.19626    -519.79719    -528.39907   -1392.65517    -304.92933
       10        -1458.09223   -1532.95875   -1380.21992   10296.76379    1159.00915     736.84674      12.24229    3607.21865    1997.93080    4898.39759    1681.42079    -198.09093     -37.41203   -4811.19941   -1718.23397   -1350.71426    -367.51971    -474.00314   -2609.05821
       11         -738.69616    -905.98694    -497.25919    9868.63764     776.86980     821.33971    -226.88672    2257.99478    2642.33215    1681.42079    3243.42681    -252.01052     -21.67997  -14624.34284   -1080.02063    -423.15867    -656.86196   -1770.17044     319.46807
       12          128.48945     156.47447      86.90955    -923.67269     -83.43568     -72.74589      12.90840    -242.41045    -225.81292    -198.09093    -252.01052      67.43164       9.94875    2403.67972     200.19909      63.42586     136.77324     180.30118      64.41413
       13           16.58575      16.63400      15.97642    -123.12001     -11.94392     -10.30864       0.91441     -35.18203     -27.33670     -37.41203     -21.67997       9.94875       2.71764      -5.91937      22.75365      12.91818       9.83546      14.63455      28.53523
       14         5703.48850    8008.26766    2442.01976  -41642.83887   -3508.96096   -2930.86834     820.10061   -9865.00877  -10770.65038   -4811.19941  -14624.34284    2403.67972      -5.91937  201192.40886    9639.16998    1643.12577    7996.04424   11103.83467   -4061.13521
       15          893.45785    1011.96594     733.71008   -4711.80591    -475.74625    -346.43409      22.06873   -1468.04632   -1048.19626   -1718.23397   -1080.02063     200.19909      22.75365    9639.16998    1162.19866     682.89341     479.30526     758.63364     840.76818
       16          598.62338     624.88627     571.03559   -2645.82004    -295.24677    -188.69378     -12.99505    -946.71611    -519.79719   -1350.71426    -423.15867      63.42586      12.91818    1643.12577     682.89341     570.57594     112.31746     288.24596     853.29671
       17          294.83448     387.07967     162.67450   -2065.98587    -180.49948    -157.74031      35.06379    -521.33021    -528.39907    -367.51971    -656.86196     136.77324       9.83546    7996.04424     479.30526     112.31746     366.98780     470.38768     -12.52853
       18          520.28059     647.00290     335.61481   -4963.81625    -350.23061    -410.65829     133.85800   -1007.03039   -1392.65517    -474.00314   -1770.17044     180.30118      14.63455   11103.83467     758.63364     288.24596     470.38768    1547.55585    -374.40042
       19          801.03848     769.90985     865.65265   -2565.83107    -349.34049    -212.26707     -68.39696   -1209.70957    -304.92933   -2609.05821     319.46807      64.41413      28.53523   -4061.13521     840.76818     853.29671     -12.52853    -374.40042    2713.10025
#  ==========================================================================


#                    CORRELATION MATRIX

#    Layer             1             2             3             4             5             6             7             8             9            10            11            12            13            14            15            16            17            18            19
#  --------------------------------------------------------------------------
        1            1.00000       0.98898       0.96429      -0.67139      -0.68663      -0.60436       0.04994      -0.72741      -0.58250      -0.77548      -0.48281       0.58243       0.37450       0.47331       0.97554       0.93284       0.57288       0.49229       0.57244
        2            0.98898       1.00000       0.91551      -0.68810      -0.69012      -0.61614       0.09352      -0.72401      -0.60960      -0.73294      -0.53233       0.63764       0.33765       0.59744       0.99332       0.87540       0.67614       0.55036       0.49462
        3            0.96429       0.91551       1.00000      -0.59830      -0.63877      -0.54607      -0.03426      -0.69071      -0.49667      -0.81490      -0.36080       0.43734       0.40047       0.22497       0.88934       0.98785       0.35090       0.35254       0.68675
        4           -0.67139      -0.68810      -0.59830       1.00000       0.90460       0.93032      -0.45051       0.90454       0.93566       0.75013       0.88352      -0.57352      -0.38080      -0.47337      -0.70471      -0.56476      -0.54988      -0.64336      -0.25116
        5           -0.68663      -0.69012      -0.63877       0.90460       1.00000       0.74202      -0.07176       0.98922       0.73858       0.83628       0.68887      -0.51311      -0.36588      -0.39506      -0.70474      -0.62420      -0.47582      -0.44960      -0.33870
        6           -0.60436      -0.61614      -0.54607       0.93032       0.74202       1.00000      -0.65328       0.74743       0.98202       0.65419       0.89613      -0.55046      -0.38856      -0.40602      -0.63144      -0.49086      -0.51165      -0.64865      -0.25322
        7            0.04994       0.09352      -0.03426      -0.45051      -0.07176      -0.65328       1.00000      -0.06237      -0.68779       0.02895      -0.65943       0.26020       0.09181       0.30264       0.10715      -0.09005       0.30297       0.56323      -0.21735
        8           -0.72741      -0.72401      -0.69071       0.90454       0.98922       0.74743      -0.06237       1.00000       0.73624       0.87864       0.67591      -0.50325      -0.36382      -0.37494      -0.73412      -0.67566      -0.46393      -0.43640      -0.39593
        9           -0.58250      -0.60960      -0.49667       0.93566       0.73858       0.98202      -0.68779       0.73624       1.00000       0.58205       0.94601      -0.56069      -0.33811      -0.48960      -0.62692      -0.44370      -0.56240      -0.72182      -0.11936
       10           -0.77548      -0.73294      -0.81490       0.75013       0.83628       0.65419       0.02895       0.87864       0.58205       1.00000       0.42184      -0.34467      -0.32426      -0.15326      -0.72014      -0.80794      -0.27411      -0.17216      -0.71569
       11           -0.48281      -0.53233      -0.36080       0.88352       0.68887       0.89613      -0.65943       0.67591       0.94601       0.42184       1.00000      -0.53887      -0.23092      -0.57249      -0.55628      -0.31106      -0.60207      -0.79011       0.10769
       12            0.58243       0.63764       0.43734      -0.57352      -0.51311      -0.55046       0.26020      -0.50325      -0.56069      -0.34467      -0.53887       1.00000       0.73492       0.65259       0.71514       0.32335       0.86945       0.55814       0.15060
       13            0.37450       0.33765       0.40047      -0.38080      -0.36588      -0.38856       0.09181      -0.36382      -0.33811      -0.32426      -0.23092       0.73492       1.00000      -0.00801       0.40487       0.32806       0.31144       0.22566       0.33232
       14            0.47331       0.59744       0.22497      -0.47337      -0.39506      -0.40602       0.30264      -0.37494      -0.48960      -0.15326      -0.57249       0.65259      -0.00801       1.00000       0.63037       0.15336       0.93056       0.62928      -0.17382
       15            0.97554       0.99332       0.88934      -0.70471      -0.70474      -0.63144       0.10715      -0.73412      -0.62692      -0.72014      -0.55628       0.71514       0.40487       0.63037       1.00000       0.83860       0.73392       0.56568       0.47348
       16            0.93284       0.87540       0.98785      -0.56476      -0.62420      -0.49086      -0.09005      -0.67566      -0.44370      -0.80794      -0.31106       0.32335       0.32806       0.15336       0.83860       1.00000       0.24545       0.30675       0.68582
       17            0.57288       0.67614       0.35090      -0.54988      -0.47582      -0.51165       0.30297      -0.46393      -0.56240      -0.27411      -0.60207       0.86945       0.31144       0.93056       0.73392       0.24545       1.00000       0.62418      -0.01256
       18            0.49229       0.55036       0.35254      -0.64336      -0.44960      -0.64865       0.56323      -0.43640      -0.72182      -0.17216      -0.79011       0.55814       0.22566       0.62928       0.56568       0.30675       0.62418       1.00000      -0.18272
       19            0.57244       0.49462       0.68675      -0.25116      -0.33870      -0.25322      -0.21735      -0.39593      -0.11936      -0.71569       0.10769       0.15060       0.33232      -0.17382       0.47348       0.68582      -0.01256      -0.18272       1.00000
#  ==========================================================================


#                 EIGENVALUES AND EIGENVECTORS

# Number of Input Layers     Number of Principal Component Layers
           19                              5
# PC Layer             1             2             3             4             5
#  --------------------------------------------------------------------------
# Eigenvalues
                216765.13587   38177.84142    5356.74674    1216.67356     700.38613
# Eigenvectors
# Input Layer
        1            0.03092      -0.07142       0.19335       0.26619      -0.18441
        2            0.04190      -0.06902       0.19816       0.26766      -0.18526
        3            0.01538      -0.07527       0.19327       0.26459      -0.18297
        4           -0.24241       0.81458       0.25072       0.10872      -0.11840
        5           -0.02086       0.07913      -0.03462       0.13120       0.15819
#  ==========================================================================

#                 PERCENT AND ACCUMULATIVE EIGENVALUES

# PC Layer   EigenValue   Percent of EigenValues   Accumulative of EigenValues
        1  216765.13587          82.6664               82.6664
        2   38177.84142          14.5596               97.2260
        3    5356.74674           2.0429               99.2689
        4    1216.67356           0.4640               99.7329
        5     700.38613           0.2671              100.0000
#  ==========================================================================
