# Data file produced by Principal Components
#	Input raster(s):
#		C:\Users\jhanson\Documents\genetic_bioclim_data\data\composite\bioclim_comp.tif
#	The number of components = 19
#	Output raster(s):
#		C:\Users\jhanson\Documents\genetic_bioclim_data\data\pca_data\bioclim_pca.tif


#                    COVARIANCE MATRIX

#    Layer             1             2             3             4             5             6             7             8             9            10            11            12            13            14            15            16            17            18            19
#  --------------------------------------------------------------------------
        1           58.84676      17.92451       2.83804     577.41673      78.88671      43.04991      35.83680      54.27940      63.47913      65.77381      48.64989    -335.01956     -34.21591     -26.74350       1.97722    -100.39488     -77.79842    -105.80858     -82.10001
        2           17.92451       9.50626       1.35700     348.12267      27.90911       7.91972      19.98939      22.71045      10.48255      21.82205      11.74104    -123.64278      -9.81147     -10.37210       2.37247     -28.62481     -32.14611     -24.07488     -35.73474
        3            2.83804       1.35700       0.25043      33.20585       4.14051       1.72865       2.41186       2.26415       3.65858       3.22273       2.21354     -16.62655      -1.64479      -1.35927       0.06942      -4.64187      -3.75114      -4.88384      -3.84149
        4          577.41673     348.12267      33.20585   18351.33024     980.41106     107.71754     872.69354    1163.68662    -298.94452     778.49845     262.83729   -5101.93476    -272.06705    -438.56197     186.09743    -860.15976   -1506.07236    -407.30685   -1764.28637
        5           78.88671      27.90911       4.14051     980.41106     110.19662      52.24668      57.94993      80.33682      73.60436      90.41154      61.69173    -471.93049     -45.50416     -38.17448       4.52949    -133.41757    -113.79779    -132.79571    -122.33006
        6           43.04991       7.91972       1.72865     107.71754      52.24668      40.09409      12.15259      24.66344      68.44633      44.90152      41.05209    -196.14975     -26.31110     -14.79224      -2.77746     -75.94323     -37.55828     -92.15603     -35.33837
        7           35.83680      19.98939       2.41186     872.69354      57.94993      12.15259      45.79734      55.67338       5.15803      45.51002      20.63964    -275.78074     -19.19305     -23.38223       7.30695     -57.47434     -76.23951     -40.63968     -86.99170
        8           54.27940      22.71045       2.26415    1163.68662      80.33682      24.66344      55.67338     153.06232     -53.49800      66.81025      33.91317    -479.18617     -21.44580     -45.91674      18.61332     -64.55811    -155.84820     -10.33664    -198.34031
        9           63.47913      10.48255       3.65858    -298.94452      73.60436      68.44633       5.15803     -53.49800     236.47799      61.99594      68.37861    -157.36961     -49.04916      -5.76079     -18.35371    -138.49148      16.51091    -224.22649      60.25890
       10           65.77381      21.82205       3.22273     778.49845      90.41154      44.90152      45.51002      66.81025      61.99594      74.95323      52.15706    -390.30001     -37.53434     -31.50013       3.79903    -110.62709     -93.83026    -111.71238    -100.58293
       11           48.64989      11.74104       2.21354     262.83729      61.69173      41.05209      20.63964      33.91317      68.37861      52.15706      43.90537    -246.30107     -29.49786     -19.16980      -1.20127     -85.52444     -51.84036     -98.91459     -51.51412
       12         -335.01956    -123.64278     -16.62655   -5101.93476    -471.93049    -196.14975    -275.78074    -479.18617    -157.36961    -390.30001    -246.30107    4306.01456     332.96519     359.88476     -92.12471    1007.99184    1116.48301     949.08198    1255.07513
       13          -34.21591      -9.81147      -1.64479    -272.06705     -45.50416     -26.31110     -19.19305     -21.44580     -49.04916     -37.53434     -29.49786     332.96519      37.25316      25.18912      -1.27476     108.20803      72.32088     117.19733      76.45536
       14          -26.74350     -10.37210      -1.35927    -438.56197     -38.17448     -14.79224     -23.38223     -45.91674      -5.76079     -31.50013     -19.16980     359.88476      25.18912      32.43164      -9.35327      75.94853     100.80086      68.61446     113.73595
       15            1.97722       2.37247       0.06942     186.09743       4.52949      -2.77746       7.30695      18.61332     -18.35371       3.79903      -1.20127     -92.12471      -1.27476      -9.35327       5.55034      -5.75480     -32.78878       3.20369     -39.17404
       16         -100.39488     -28.62481      -4.64187    -860.15976    -133.41757     -75.94323     -57.47434     -64.55811    -138.49148    -110.62709     -85.52444    1007.99184     108.20803      75.94853      -5.75480     320.75550     220.70422     346.26627     232.97091
       17          -77.79842     -32.14611      -3.75114   -1506.07236    -113.79779     -37.55828     -76.23951    -155.84820      16.51091     -93.83026     -51.84036    1116.48301      72.32088     100.80086     -32.78878     220.70422     321.96637     182.43521     368.23377
       18         -105.80858     -24.07488      -4.88384    -407.30685    -132.79571     -92.15603     -40.63968     -10.33664    -224.22649    -111.71238     -98.91459     949.08198     117.19733      68.61446       3.20369     346.26627     182.43521     422.08341     168.07859
       19          -82.10001     -35.73474      -3.84149   -1764.28637    -122.33006     -35.33837     -86.99170    -198.34031      60.25890    -100.58293     -51.51412    1255.07513      76.45536     113.73595     -39.17404     232.97091     368.23377     168.07859     438.63665
#  ==========================================================================


#                    CORRELATION MATRIX

#    Layer             1             2             3             4             5             6             7             8             9            10            11            12            13            14            15            16            17            18            19
#  --------------------------------------------------------------------------
        1            1.00000       0.75785       0.73929       0.55564       0.97962       0.88628       0.69032       0.57193       0.53811       0.99037       0.95711      -0.66554      -0.73078      -0.61217       0.10940      -0.73074      -0.56520      -0.67137      -0.51101
        2            0.75785       1.00000       0.87950       0.83348       0.86230       0.40566       0.95802       0.59537       0.22109       0.81751       0.57470      -0.61112      -0.52137      -0.59071       0.32661      -0.51838      -0.58106      -0.38007      -0.55339
        3            0.73929       0.87950       1.00000       0.48983       0.78819       0.54554       0.71218       0.36571       0.47542       0.74386       0.66756      -0.50632      -0.53851      -0.47696       0.05888      -0.51792      -0.41775      -0.47503      -0.36653
        4            0.55564       0.83348       0.48983       1.00000       0.68943       0.12558       0.95194       0.69433      -0.14350       0.66379       0.29282      -0.57394      -0.32905      -0.56848       0.58310      -0.35453      -0.61959      -0.14635      -0.62185
        5            0.97962       0.86230       0.78819       0.68943       1.00000       0.78602       0.81573       0.61858       0.45596       0.99482       0.88692      -0.68510      -0.71021      -0.63856       0.18315      -0.70965      -0.60415      -0.61574      -0.55641
        6            0.88628       0.40566       0.54554       0.12558       0.78602       1.00000       0.28360       0.31483       0.70293       0.81908       0.97844      -0.47207      -0.68080      -0.41021      -0.18619      -0.66967      -0.33057      -0.70841      -0.26647
        7            0.69032       0.95802       0.71218       0.95194       0.81573       0.28360       1.00000       0.66496       0.04956       0.77677       0.46028      -0.62102      -0.46467      -0.60671       0.45831      -0.47421      -0.62785      -0.29230      -0.61377
        8            0.57193       0.59537       0.36571       0.69433       0.61858       0.31483       0.66496       1.00000      -0.28120       0.62375       0.41369      -0.59025      -0.28401      -0.65171       0.63860      -0.29136      -0.70204      -0.04067      -0.76546
        9            0.53811       0.22109       0.47542      -0.14350       0.45596       0.70293       0.04956      -0.28120       1.00000       0.46566       0.67107      -0.15595      -0.52258      -0.06578      -0.50660      -0.50285       0.05984      -0.70973       0.18710
       10            0.99037       0.81751       0.74386       0.66379       0.99482       0.81908       0.77677       0.62375       0.46566       1.00000       0.90920      -0.68701      -0.71032      -0.63890       0.18626      -0.71348      -0.60401      -0.62807      -0.55472
       11            0.95711       0.57470       0.66756       0.29282       0.88692       0.97844       0.46028       0.41369       0.67107       0.90920       1.00000      -0.56646      -0.72937      -0.50801      -0.07695      -0.72068      -0.43602      -0.72661      -0.37121
       12           -0.66554      -0.61112      -0.50632      -0.57394      -0.68510      -0.47207      -0.62102      -0.59025      -0.15595      -0.68701      -0.56646       1.00000       0.83134       0.96303      -0.59591       0.85769       0.94822       0.70399       0.91323
       13           -0.73078      -0.52137      -0.53851      -0.32905      -0.71021      -0.68080      -0.46467      -0.28401      -0.52258      -0.71032      -0.72937       0.83134       1.00000       0.72468      -0.08865       0.98990       0.66035       0.93462       0.59810
       14           -0.61217      -0.59071      -0.47696      -0.56848      -0.63856      -0.41021      -0.60671      -0.65171      -0.06578      -0.63890      -0.50801       0.96303       0.72468       1.00000      -0.69714       0.74464       0.98645       0.58645       0.95359
       15            0.10940       0.32661       0.05888       0.58310       0.18315      -0.18619       0.45831       0.63860      -0.50660       0.18626      -0.07695      -0.59591      -0.08865      -0.69714       1.00000      -0.13639      -0.77564       0.06619      -0.79394
       16           -0.73074      -0.51838      -0.51792      -0.35453      -0.70965      -0.66967      -0.47421      -0.29136      -0.50285      -0.71348      -0.72068       0.85769       0.98990       0.74464      -0.13639       1.00000       0.68678       0.94107       0.62110
       17           -0.56520      -0.58106      -0.41775      -0.61959      -0.60415      -0.33057      -0.62785      -0.70204       0.05984      -0.60401      -0.43602       0.94822       0.66035       0.98645      -0.77564       0.68678       1.00000       0.49488       0.97986
       18           -0.67137      -0.38007      -0.47503      -0.14635      -0.61574      -0.70841      -0.29230      -0.04067      -0.70973      -0.62807      -0.72661       0.70399       0.93462       0.58645       0.06619       0.94107       0.49488       1.00000       0.39063
       19           -0.51101      -0.55339      -0.36653      -0.62185      -0.55641      -0.26647      -0.61377      -0.76546       0.18710      -0.55472      -0.37121       0.91323       0.59810       0.95359      -0.79394       0.62110       0.97986       0.39063       1.00000
#  ==========================================================================


#                 EIGENVALUES AND EIGENVECTORS

# Number of Input Layers     Number of Principal Component Layers
           19                             19
# PC Layer             1             2             3             4             5             6             7             8             9            10            11            12            13            14            15            16            17            18            19
#  --------------------------------------------------------------------------
# Eigenvalues
               2.076641e+004 3.463880e+003 5.640276e+002 1.330528e+002 4.155727e+001 1.507519e+001 1.055393e+001 7.532200e+000 3.679575e+000 2.139024e+000 5.596701e-001 3.124982e-001 1.476827e-001 1.084170e-001 5.908780e-002 1.117204e-002 5.151855e-003 3.133299e-003 2.917145e-010
# Eigenvectors
# Input Layer
        1      3.292314e-002 -5.106336e-002 1.593209e-001 -3.021655e-001 -4.675527e-002 -2.439215e-002 -2.504713e-001 5.286982e-002 1.285188e-002 3.462900e-002 -1.511827e-001 -1.849832e-001 -2.992519e-001 -3.395917e-001 2.356868e-002 -5.969923e-001 4.339259e-001 5.242882e-002 -1.049357e-007
        2      1.819076e-002 -3.196911e-003 3.649057e-002 -4.207226e-002 4.652603e-002 -6.356816e-003 -6.740147e-002 -3.167441e-001 -4.287879e-001 4.327873e-002 -5.805067e-002 1.495662e-002 -1.029900e-001 1.282395e-001 7.378740e-001 4.843621e-002 5.363085e-002 -3.513175e-001 -4.436183e-006
        3      1.834450e-003 -2.007231e-003 8.838626e-003 -1.098300e-002 1.675594e-002 -1.041357e-002 -2.127639e-002 -7.396545e-002 -1.000687e-001 4.482251e-003 3.007177e-003 2.574976e-002 -5.546346e-002 4.470611e-002 3.362046e-001 1.730443e-002 -1.079749e-001 9.234223e-001 1.182801e-005
        4      9.290632e-001 3.493038e-001 7.658157e-002 7.061746e-002 2.261715e-003 1.098798e-002 1.670852e-002 3.271386e-002 4.084832e-002 6.871859e-003 1.104064e-002 3.532347e-003 -2.819206e-003 2.437252e-004 1.695711e-002 1.155923e-002 1.482951e-002 1.529960e-003 4.917468e-008
        5      5.386471e-002 -5.300529e-002 2.011935e-001 -3.449232e-001 -4.543112e-002 2.251444e-002 -3.006739e-001 -2.087618e-001 -1.876224e-001 -2.341107e-002 7.726724e-002 1.650168e-001 3.651625e-001 3.152995e-001 -2.332690e-001 -5.113900e-002 6.388482e-002 4.612553e-002 5.773509e-001
        6      8.977907e-003 -5.730690e-002 1.536683e-001 -3.025323e-001 -7.133940e-002 -2.989982e-002 -2.315150e-001 2.059063e-001 3.186117e-001 -2.675215e-002 2.011566e-001 1.924479e-001 2.780789e-001 3.678702e-001 2.042825e-001 -6.717878e-002 8.188422e-002 -2.910316e-002 -5.773506e-001
        7      4.488681e-002 4.301609e-003 4.752524e-002 -4.239087e-002 2.590828e-002 5.241427e-002 -6.915887e-002 -4.146680e-001 -5.062341e-001 3.341149e-003 -1.238894e-001 -2.743106e-002 8.708365e-002 -5.257013e-002 -4.375517e-001 1.604258e-002 -1.799820e-002 7.525099e-002 -5.773493e-001
        8      6.239264e-002 -2.262119e-002 -1.669679e-001 -5.917445e-001 -2.458883e-001 -1.946111e-001 6.666633e-001 1.585663e-001 -2.092917e-001 -6.977280e-002 -1.342617e-002 1.821874e-002 2.068820e-002 3.438747e-003 2.992510e-004 5.601485e-004 2.096653e-003 3.111369e-003 4.308750e-008
        9      -1.027843e-002 -1.023771e-001 5.594254e-001 -1.123388e-001 6.524181e-001 3.746741e-002 3.966326e-001 -1.838168e-001 2.067419e-001 -4.492249e-003 -4.700250e-002 -1.034079e-002 1.348079e-002 -1.984570e-002 3.986854e-003 2.447098e-003 -6.822791e-004 -8.330524e-004 -9.198189e-009
       10      4.309632e-002 -4.729699e-002 1.655854e-001 -3.051460e-001 -4.757046e-002 -1.000873e-002 -2.455374e-001 6.060440e-002 2.629959e-002 3.064787e-002 -3.349021e-002 -1.127272e-001 -2.107827e-001 -1.469783e-001 5.150030e-003 -6.959482e-002 -8.436910e-001 -1.042690e-001 -2.090461e-006
       11      1.697116e-002 -5.669946e-002 1.581717e-001 -2.984111e-001 -5.068598e-002 -1.950415e-003 -2.423959e-001 9.158033e-002 5.294935e-002 2.459826e-002 -7.585181e-002 -1.359192e-001 -2.141614e-001 -1.990748e-001 -3.073305e-002 7.919250e-001 2.655468e-001 3.125789e-002 1.801277e-006
       12      -3.150131e-001 8.003341e-001 1.934056e-001 -1.146324e-001 -1.530904e-001 4.205336e-001 8.169198e-002 -1.335698e-002 2.801216e-002 3.676266e-003 -3.099228e-002 7.231757e-004 -1.384998e-002 1.083338e-002 2.106353e-002 -5.578796e-003 1.445869e-003 1.830392e-003 2.185272e-008
       13      -1.887985e-002 7.976602e-002 -9.429359e-002 -3.115771e-002 1.951890e-001 -8.274785e-002 -9.119948e-002 2.495771e-001 -5.024332e-002 1.249680e-001 -6.857066e-001 6.150431e-001 -8.815551e-003 -1.159528e-002 -1.388726e-002 1.128888e-002 -2.638564e-002 -5.020079e-003 -3.933599e-008
       14      -2.692022e-002 6.484908e-002 4.742646e-002 3.695234e-002 -1.063197e-001 -2.032849e-001 -1.814066e-002 -3.809230e-002 1.128387e-001 3.536465e-002 -3.670592e-001 -3.823939e-001 7.065026e-001 -3.231009e-001 1.883800e-001 2.531187e-002 -4.924761e-002 3.520258e-003 -6.950503e-008
       15      1.019268e-002 -6.462852e-003 -6.544099e-002 4.711375e-003 9.124699e-002 4.344382e-002 -6.003011e-003 1.630880e-001 -1.332453e-002 -3.937226e-002 -4.275475e-001 -5.595639e-001 -1.575825e-001 6.541907e-001 -8.599935e-002 -2.047732e-002 8.165259e-003 1.966332e-002 4.201160e-007
       16      -5.874090e-002 2.361516e-001 -2.623208e-001 -1.394708e-001 5.463124e-001 -1.243338e-001 -1.441745e-001 3.609651e-001 -2.977229e-001 3.704119e-001 3.260241e-001 -1.727561e-001 1.426851e-001 -6.820548e-002 -1.793391e-002 -6.587320e-003 1.160518e-002 5.334211e-003 5.560518e-008
       17      -9.007023e-002 1.829273e-001 2.203337e-001 1.028683e-001 -2.249258e-001 -6.049131e-001 5.627864e-002 -2.095430e-001 1.221022e-001 5.919693e-001 3.292397e-002 2.148462e-002 -1.745343e-001 1.724822e-001 -9.161416e-002 3.758742e-003 1.256037e-002 7.035534e-003 1.841403e-007
       18      -3.707785e-002 2.730791e-001 -4.628003e-001 -2.400429e-001 2.572370e-001 -3.188165e-001 -1.322313e-001 -4.570398e-001 3.446231e-001 -3.580063e-001 -1.639842e-002 2.112077e-003 -1.015030e-001 7.454012e-003 -1.582746e-002 1.281908e-002 -4.278256e-003 -8.033603e-003 -1.016950e-007
       19      -1.045300e-001 1.945810e-001 3.512080e-001 2.035317e-001 1.453715e-002 -4.956566e-001 -7.487184e-002 2.963300e-001 -2.876321e-001 -5.957519e-001 7.916778e-002 1.778864e-002 -4.718098e-002 4.398887e-003 -2.442008e-002 3.564069e-004 2.788197e-003 -7.021357e-003 -1.107146e-007
#  ==========================================================================

#                 PERCENT AND ACCUMULATIVE EIGENVALUES

# PC Layer   EigenValue   Percent of EigenValues   Accumulative of EigenValues
        1 2.076641e+004          83.0354               83.0354
        2 3.463880e+003          13.8505               96.8858
        3 5.640276e+002           2.2553               99.1411
        4 1.330528e+002           0.5320               99.6731
        5 4.155727e+001           0.1662               99.8393
        6 1.507519e+001           0.0603               99.8996
        7 1.055393e+001           0.0422               99.9418
        8 7.532200e+000           0.0301               99.9719
        9 3.679575e+000           0.0147               99.9866
       10 2.139024e+000           0.0086               99.9952
       11 5.596701e-001           0.0022               99.9974
       12 3.124982e-001           0.0012               99.9987
       13 1.476827e-001           0.0006               99.9993
       14 1.084170e-001           0.0004               99.9997
       15 5.908780e-002           0.0002               99.9999
       16 1.117204e-002           0.0000              100.0000
       17 5.151855e-003           0.0000              100.0000
       18 3.133299e-003           0.0000              100.0000
       19 2.917145e-010           0.0000              100.0000
#  ==========================================================================
