# Data file produced by Principal Components
#	Input raster(s):
#		C:\Users\jhanson\Documents\genetic_bioclim_data\data\composite\bioclim_comp2.tif
#	The number of components = 19
#	Output raster(s):
#		C:\Users\jhanson\Documents\genetic_bioclim_data\data\pca_data\bioclim_pca_2.tif


#                    COVARIANCE MATRIX

#    Layer             1             2             3             4             5             6             7             8             9            10            11            12            13            14            15            16            17            18            19
#  --------------------------------------------------------------------------
        1           79.16516      23.54055       3.50024     818.73236     106.42993      57.45502      48.97491      76.79844      78.55067      89.00589      64.86330    -441.42035     -45.24100     -35.88326       2.88492    -132.31740    -105.72817    -136.72825    -113.99937
        2           23.54055      12.73433       1.75923     487.17260      37.10190       9.82226      27.27964      30.98446      12.99369      29.00988      14.94851    -168.08283     -13.24240     -14.27094       3.37946     -38.26772     -44.10914     -32.14405     -49.04967
        3            3.50024       1.75923       0.32997      41.24190       5.14793       2.08384       3.06409       2.80922       4.67277       3.97437       2.71531     -21.31893      -2.08424      -1.74514       0.09994      -5.84230      -4.78452      -6.15407      -4.88402
        4          818.73236     487.17260      41.24190   27687.65408    1407.96127     133.56857    1274.39271    1699.24236    -465.93248    1125.36167     349.99550   -7432.44950    -407.16051    -652.68094     273.95660   -1257.80076   -2220.37065    -634.73346   -2592.89010
        5          106.42993      37.10190       5.14793    1407.96127     149.49872      69.37802      80.12070     114.39182      90.04147     123.03298      82.01180    -630.48275     -60.63775     -52.11861       6.71866    -176.88120    -156.89373    -172.63816    -171.51911
        6           57.45502       9.82226       2.08384     133.56857      69.37802      53.92154      15.45648      35.12911      85.96698      59.82804      54.98452    -243.31965     -33.71342     -18.66418      -3.91067     -97.24841     -48.24353    -116.01889     -47.52507
        7           48.97491      27.27964       3.06409    1274.39271      80.12070      15.45648      64.66422      79.26271       4.07449      63.20494      27.02728    -387.16309     -26.92433     -33.45443      10.62933     -79.63279    -108.65020     -56.61926    -123.99403
        8           76.79844      30.98446       2.80922    1699.24236     114.39182      35.12911      79.26271     212.55574     -71.90271      95.46992      47.55452    -647.04595     -30.15452     -63.56244      25.25245     -89.41389    -214.79305     -15.55856    -273.93702
        9           78.55067      12.99369       4.67277    -465.93248      90.04147      85.96698       4.07449     -71.90271     299.37219      75.49691      85.88089    -180.56813     -61.24056      -5.05916     -24.21001    -172.72760      27.14060    -280.60114      82.91806
       10           89.00589      29.00988       3.97437    1125.36167     123.03298      59.82804      63.20494      95.46992      75.49691     102.31355      69.55487    -521.88896     -50.10158     -43.01549       5.63198    -147.00843    -129.63197    -145.26099    -141.62288
       11           64.86330      14.94851       2.71531     349.99550      82.01180      54.98452      27.02728      47.55452      85.88089      69.55487      58.58558    -312.94654     -38.18421     -24.71540      -1.73355    -110.56981     -67.84708    -125.77514     -69.60450
       12         -441.42035    -168.08283     -21.31893   -7432.44950    -630.48275    -243.31965    -387.16309    -647.04595    -180.56813    -521.88896    -312.94654    5809.74058     447.34672     481.23918    -126.18274    1351.43163    1496.12397    1262.29224    1687.33868
       13          -45.24100     -13.24240      -2.08424    -407.16051     -60.63775     -33.71342     -26.92433     -30.15452     -61.24056     -50.10158     -38.18421     447.34672      49.62817      33.55821      -1.96636     143.97576      97.06937     154.12854     103.67858
       14          -35.88326     -14.27094      -1.74514    -652.68094     -52.11861     -18.66418     -33.45443     -63.56244      -5.05916     -43.01549     -24.71540     481.23918      33.55821      43.33324     -12.73285     100.81899     134.98132      89.58179     153.20846
       15            2.88492       3.37946       0.09994     273.95660       6.71866      -3.91067      10.62933      25.25245     -24.21001       5.63198      -1.73355    -126.18274      -1.96636     -12.73285       7.53305      -8.39140     -44.37598       3.41423     -52.87528
       16         -132.31740     -38.26772      -5.84230   -1257.80076    -176.88120     -97.24841     -79.63279     -89.41389    -172.72760    -147.00843    -110.56981    1351.43163     143.97576     100.81899      -8.39140     426.36059     295.13673     455.51190     314.42872
       17         -105.72817     -44.10914      -4.78452   -2220.37065    -156.89373     -48.24353    -108.65020    -214.79305      27.14060    -129.63197     -67.84708    1496.12397      97.06937     134.98132     -44.37598     295.13673     431.60290     240.93369     495.83013
       18         -136.72825     -32.14405      -6.15407    -634.73346    -172.63816    -116.01889     -56.61926     -15.55856    -280.60114    -145.26099    -125.77514    1262.29224     154.12854      89.58179       3.41423     455.51190     240.93369     549.89454     225.23995
       19         -113.99937     -49.04967      -4.88402   -2592.89010    -171.51911     -47.52507    -123.99403    -273.93702      82.91806    -141.62288     -69.60450    1687.33868     103.67858     153.20846     -52.87528     314.42872     495.83013     225.23995     592.60165
#  ==========================================================================


#                    CORRELATION MATRIX

#    Layer             1             2             3             4             5             6             7             8             9            10            11            12            13            14            15            16            17            18            19
#  --------------------------------------------------------------------------
        1            1.00000       0.74142       0.68484       0.55301       0.97831       0.87939       0.68450       0.59204       0.51024       0.98897       0.95244      -0.65089      -0.72177      -0.61265       0.11814      -0.72021      -0.57198      -0.65532      -0.52632
        2            0.74142       1.00000       0.85821       0.82045       0.85033       0.37484       0.95065       0.59555       0.21045       0.80370       0.54729      -0.61796      -0.52676      -0.60751       0.34504      -0.51935      -0.59497      -0.38413      -0.56463
        3            0.68484       0.85821       1.00000       0.43148       0.73295       0.49402       0.66333       0.33544       0.47014       0.68401       0.61757      -0.48691      -0.51504      -0.46151       0.06339      -0.49256      -0.40092      -0.45686      -0.34927
        4            0.55301       0.82045       0.43148       1.00000       0.69204       0.10932       0.95242       0.70045      -0.16184       0.66862       0.27480      -0.58602      -0.34734      -0.59586       0.59986      -0.36608      -0.64230      -0.16267      -0.64012
        5            0.97831       0.85033       0.73295       0.69204       1.00000       0.77272       0.81488       0.64171       0.42562       0.99480       0.87632      -0.67651      -0.70398      -0.64754       0.20021      -0.70061      -0.61765      -0.60211      -0.57625
        6            0.87939       0.37484       0.49402       0.10932       0.77272       1.00000       0.26176       0.32813       0.67662       0.80548       0.97828      -0.43473      -0.65171      -0.38612      -0.19404      -0.64138      -0.31624      -0.67376      -0.26586
        7            0.68450       0.95065       0.66333       0.95242       0.81488       0.26176       1.00000       0.67608       0.02928       0.77706       0.43911      -0.63166      -0.47528      -0.63199       0.48160      -0.47959      -0.65036      -0.30026      -0.63341
        8            0.59204       0.59555       0.33544       0.70045       0.64171       0.32813       0.67608       1.00000      -0.28504       0.64739       0.42615      -0.58226      -0.29360      -0.66230       0.63108      -0.29702      -0.70916      -0.04551      -0.77185
        9            0.51024       0.21045       0.47014      -0.16184       0.42562       0.67662       0.02928      -0.28504       1.00000       0.43138       0.64848      -0.13692      -0.50242      -0.04442      -0.50980      -0.48347       0.07550      -0.69158       0.19686
       10            0.98897       0.80370       0.68401       0.66862       0.99480       0.80548       0.77706       0.64739       0.43138       1.00000       0.89839      -0.67691      -0.70311      -0.64602       0.20287      -0.70386      -0.61688      -0.61241      -0.57516
       11            0.95244       0.54729       0.61757       0.27480       0.87632       0.97828       0.43911       0.42615       0.64848       0.89839       1.00000      -0.53641      -0.70815      -0.49053      -0.08252      -0.69960      -0.42667      -0.70074      -0.37356
       12           -0.65089      -0.61796      -0.48691      -0.58602      -0.67651      -0.43473      -0.63166      -0.58226      -0.13692      -0.67691      -0.53641       1.00000       0.83311       0.95912      -0.60317       0.85867       0.94482       0.70622       0.90937
       13           -0.72177      -0.52676      -0.51504      -0.34734      -0.70398      -0.65171      -0.47528      -0.29360      -0.50242      -0.70311      -0.70815       0.83311       1.00000       0.72364      -0.10170       0.98978       0.66325       0.93299       0.60457
       14           -0.61265      -0.60751      -0.46151      -0.59586      -0.64754      -0.38612      -0.63199      -0.66230      -0.04442      -0.64602      -0.49053       0.95912       0.72364       1.00000      -0.70474       0.74173       0.98701       0.58032       0.95607
       15            0.11814       0.34504       0.06339       0.59986       0.20021      -0.19404       0.48160       0.63108      -0.50980       0.20287      -0.08252      -0.60317      -0.10170      -0.70474       1.00000      -0.14807      -0.77825       0.05305      -0.79138
       16           -0.72021      -0.51935      -0.49256      -0.36608      -0.70061      -0.64138      -0.47959      -0.29702      -0.48347      -0.70386      -0.69960       0.85867       0.98978       0.74173      -0.14807       1.00000       0.68801       0.94074       0.62554
       17           -0.57198      -0.59497      -0.40092      -0.64230      -0.61765      -0.31624      -0.65036      -0.70916       0.07550      -0.61688      -0.42667       0.94482       0.66325       0.98701      -0.77825       0.68801       1.00000       0.49456       0.98041
       18           -0.65532      -0.38413      -0.45686      -0.16267      -0.60211      -0.67376      -0.30026      -0.04551      -0.69158      -0.61241      -0.70074       0.70622       0.93299       0.58032       0.05305       0.94074       0.49456       1.00000       0.39457
       19           -0.52632      -0.56463      -0.34927      -0.64012      -0.57625      -0.26586      -0.63341      -0.77185       0.19686      -0.57516      -0.37356       0.90937       0.60457       0.95607      -0.79138       0.62554       0.98041       0.39457       1.00000
#  ==========================================================================


#                 EIGENVALUES AND EIGENVECTORS

# Number of Input Layers     Number of Principal Component Layers
           19                             19
# PC Layer             1             2             3             4             5             6             7             8             9            10            11            12            13            14            15            16            17            18            19
#  --------------------------------------------------------------------------
# Eigenvalues
               3.101144e+004 4.583994e+003 7.202446e+002 2.003106e+002 5.684527e+001 2.371247e+001 1.453892e+001 1.046535e+001 5.303696e+000 2.940070e+000 8.210239e-001 4.144860e-001 1.955319e-001 1.566285e-001 8.427645e-002 1.553577e-002 7.478917e-003 4.923885e-003 9.963017e-011
# Eigenvectors
# Input Layer
        1      3.069494e-002 -5.053881e-002 1.611971e-001 -3.028248e-001 -3.872232e-002 -4.669097e-002 -2.503657e-001 5.195714e-002 5.899567e-003 2.181214e-002 1.537523e-001 -1.807971e-001 -3.009734e-001 -3.419783e-001 2.810282e-002 -6.146112e-001 3.975240e-001 9.391547e-002 -1.973933e-008
        2      1.696524e-002 -4.312485e-003 3.622530e-002 -3.738217e-002 6.578133e-002 -4.692407e-002 -5.389988e-002 -3.322181e-001 -4.214725e-001 4.613511e-002 5.879020e-002 7.180133e-003 -1.181793e-001 1.654591e-001 7.215938e-001 2.415870e-002 7.266081e-002 -3.549669e-001 -2.457380e-006
        3      1.527474e-003 -2.216906e-003 8.426392e-003 -9.335832e-003 2.172900e-002 -1.825425e-002 -1.702814e-002 -7.624374e-002 -9.801288e-002 5.123161e-003 -8.858916e-004 1.926823e-002 -5.683381e-002 7.968980e-002 3.371783e-001 4.619215e-002 -1.444268e-001 9.146905e-001 6.704282e-006
        4      9.361771e-001 3.314302e-001 7.355036e-002 6.791979e-002 -8.855290e-004 1.510726e-002 1.332981e-002 3.081509e-002 3.934840e-002 5.711821e-003 -9.345775e-003 2.577075e-003 -3.528274e-003 1.585391e-003 1.735443e-002 1.076241e-002 1.542386e-002 1.653091e-003 2.867483e-008
        5      5.104968e-002 -5.264145e-002 2.031042e-001 -3.480126e-001 -2.698453e-002 -2.036674e-002 -2.893874e-001 -2.127168e-001 -1.932123e-001 -1.538020e-002 -9.808982e-002 1.733579e-001 3.676389e-001 2.974845e-001 -2.433978e-001 -5.383043e-002 6.029131e-002 4.599845e-002 5.773506e-001
        6      7.353769e-003 -5.533905e-002 1.552064e-001 -3.056342e-001 -7.100422e-002 -2.422393e-002 -2.317448e-001 2.161283e-001 3.005021e-001 -3.003933e-002 -2.170179e-001 1.886304e-001 2.686082e-001 3.784804e-001 1.920981e-001 -7.777133e-002 8.223661e-002 -3.178660e-002 -5.773505e-001
        7      4.369591e-002 2.697600e-003 4.789781e-002 -4.237836e-002 4.401969e-002 3.857203e-003 -5.764255e-002 -4.288451e-001 -4.937144e-001 1.465918e-002 1.189281e-001 -1.527255e-002 9.903072e-002 -8.099559e-002 -4.354958e-001 2.394287e-002 -2.194508e-002 7.779762e-002 -5.773497e-001
        8      6.025929e-002 -2.216414e-002 -1.649019e-001 -5.789219e-001 -2.064407e-001 -2.380748e-001 6.779374e-001 1.695815e-001 -2.000004e-001 -6.832945e-002 2.022043e-002 1.742025e-002 2.205758e-002 1.391881e-003 -9.968561e-004 1.052012e-003 9.067287e-004 2.676237e-003 2.089290e-008
        9      -1.186749e-002 -9.841359e-002 5.539992e-001 -9.476929e-002 6.618015e-001 7.734855e-002 3.867019e-001 -1.581643e-001 2.285464e-001 1.085394e-002 5.072700e-002 -1.033070e-002 1.638134e-002 -2.091590e-002 3.683055e-003 2.894006e-003 -2.385759e-004 -4.579501e-004 8.787665e-010
       10      4.104588e-002 -4.669565e-002 1.672740e-001 -3.068725e-001 -4.056649e-002 -2.963670e-002 -2.454827e-001 5.951653e-002 1.938815e-002 2.366816e-002 3.835532e-002 -1.140560e-001 -2.089377e-001 -1.438353e-001 1.081744e-002 -2.738391e-002 -8.417958e-001 -1.356794e-001 -1.147071e-006
       11      1.481326e-002 -5.557247e-002 1.598337e-001 -3.005486e-001 -4.558495e-002 -2.021923e-002 -2.440631e-001 9.130064e-002 4.261268e-002 1.414826e-002 8.451401e-002 -1.425947e-001 -2.113113e-001 -1.875863e-001 -1.552347e-002 7.791577e-001 3.052382e-001 2.440329e-002 1.075336e-006
       12      -2.986837e-001 8.098817e-001 1.940490e-001 -1.378161e-001 -1.705032e-001 3.996984e-001 7.899465e-002 -3.451190e-002 1.616157e-003 -6.872044e-003 3.260477e-002 -1.745692e-003 -1.580011e-002 1.211459e-002 2.049102e-002 -5.807643e-003 1.666271e-003 1.134057e-003 8.945292e-009
       13      -1.801107e-002 7.973366e-002 -9.640261e-002 -2.256807e-002 1.937763e-001 -5.993790e-002 -1.042112e-001 2.537695e-001 -5.245105e-002 1.061852e-001 6.609292e-001 6.440285e-001 -2.530774e-002 -4.772517e-003 -1.001696e-002 1.257284e-002 -2.287850e-002 -6.558694e-003 -1.340244e-008
       14      -2.592105e-002 6.373905e-002 4.749081e-002 4.181850e-002 -9.808915e-002 -2.013007e-001 -2.730280e-002 -2.493186e-002 1.233351e-001 3.689336e-002 3.829396e-001 -3.458744e-001 7.127775e-001 -3.145480e-001 2.175983e-001 2.231664e-002 -4.546387e-002 -2.461980e-004 -3.098769e-010
       15      9.900151e-003 -6.636190e-003 -6.630181e-002 5.616221e-003 8.686810e-002 5.053057e-002 -1.587992e-002 1.564619e-001 -2.249395e-002 -5.366165e-002 4.464822e-001 -5.469632e-001 -1.329847e-001 6.489669e-001 -1.361421e-001 -3.396392e-002 7.570610e-003 1.046484e-002 1.269152e-007
       16      -5.520326e-002 2.372944e-001 -2.670986e-001 -1.083680e-001 5.460164e-001 -9.360208e-002 -1.499882e-001 3.850443e-001 -3.002390e-001 3.648049e-001 -3.130225e-001 -1.817301e-001 1.396793e-001 -7.700964e-002 -7.974972e-003 -5.990223e-003 9.840240e-003 5.980028e-003 2.960590e-008
       17      -8.640830e-002 1.811223e-001 2.181808e-001 1.264946e-001 -1.945931e-001 -5.972628e-001 5.951164e-002 -1.616051e-001 1.564352e-001 6.149029e-001 -2.399931e-002 1.793667e-002 -1.709391e-001 1.684907e-001 -1.027647e-001 2.287954e-003 1.298633e-002 7.638702e-003 8.446950e-008
       18      -3.503367e-002 2.701008e-001 -4.670831e-001 -2.219624e-001 2.831950e-001 -3.251809e-001 -1.278203e-001 -4.385187e-001 3.802983e-001 -3.311110e-001 3.440463e-003 2.179179e-003 -9.341815e-002 9.860236e-003 -2.192443e-002 1.296252e-002 -3.345202e-003 -6.600492e-003 -4.813093e-008
       19      -1.002352e-001 1.945491e-001 3.481981e-001 2.427999e-001 4.101685e-002 -5.024312e-001 -6.108029e-002 2.851020e-001 -2.600886e-001 -5.950211e-001 -8.892326e-002 1.836189e-002 -4.408814e-002 3.876813e-003 -2.898603e-002 1.356857e-003 2.362362e-004 -5.897588e-003 -6.094134e-008
#  ==========================================================================

#                 PERCENT AND ACCUMULATIVE EIGENVALUES

# PC Layer   EigenValue   Percent of EigenValues   Accumulative of EigenValues
        1 3.101144e+004          84.6579               84.6579
        2 4.583994e+003          12.5138               97.1717
        3 7.202446e+002           1.9662               99.1379
        4 2.003106e+002           0.5468               99.6847
        5 5.684527e+001           0.1552               99.8399
        6 2.371247e+001           0.0647               99.9046
        7 1.453892e+001           0.0397               99.9443
        8 1.046535e+001           0.0286               99.9729
        9 5.303696e+000           0.0145               99.9873
       10 2.940070e+000           0.0080               99.9954
       11 8.210239e-001           0.0022               99.9976
       12 4.144860e-001           0.0011               99.9987
       13 1.955319e-001           0.0005               99.9993
       14 1.566285e-001           0.0004               99.9997
       15 8.427645e-002           0.0002               99.9999
       16 1.553577e-002           0.0000              100.0000
       17 7.478917e-003           0.0000              100.0000
       18 4.923885e-003           0.0000              100.0000
       19 9.963017e-011           0.0000              100.0000
#  ==========================================================================
