# Data file produced by Principal Components
#	Input raster(s):
#		C:\Users\jhanson\Documents\genetic_bioclim_data\data\composite\bioclim_comp.tif
#	The number of components = 19
#	Output raster(s):
#		C:\Users\jhanson\Documents\genetic_bioclim_data\data\pca_data\bioclim_pca.tif


#                    COVARIANCE MATRIX

#    Layer             1             2             3             4             5             6             7             8             9            10            11            12            13            14            15            16            17            18            19
#  --------------------------------------------------------------------------
        1           64.34065      19.05662       2.87652     658.27495      86.37847      46.84996      39.52851      61.96347      64.66443      72.26630      52.85412    -357.71771     -36.70778     -29.15050       2.29193    -107.43796     -85.57010    -111.74870     -92.09142
        2           19.05662      10.26788       1.42870     391.01527      29.97687       8.02098      21.95589      25.02419      10.69239      23.44219      12.15360    -135.90237     -10.74878     -11.52912       2.70336     -31.08430     -35.59230     -26.18725     -39.63000
        3            2.87652       1.42870       0.27028      33.17688       4.21259       1.73105       2.48154       2.29439       3.91353       3.25733       2.24390     -17.59672      -1.72605      -1.44129       0.08073      -4.85158      -3.93928      -5.14635      -4.01432
        4          658.27495     391.01527      33.17688   22205.80601    1130.90965     108.09679    1022.81286    1376.58593    -386.07854     903.74678     281.99084   -5980.64883    -327.62355    -525.00441     220.51587   -1012.72545   -1789.03773    -502.08726   -2095.98688
        5           86.37847      29.97687       4.21259    1130.90965     121.12546      56.55529      64.57017      92.36534      74.06139      99.72098      66.76893    -510.56243     -49.19260     -42.26493       5.36496    -143.59952    -126.87869    -140.90946    -138.62189
        6           46.84996       8.02098       1.73105     108.09679      56.55529      43.97259      12.58270      28.21725      70.82772      48.78748      44.87167    -198.35741     -27.43019     -15.30542      -3.17187     -79.20613     -39.29630     -95.26207     -38.42128
        7           39.52851      21.95589       2.48154    1022.81286      64.57017      12.58270      51.98747      64.14810       3.23368      50.93349      21.89726    -312.20502     -21.76242     -26.95951       8.53683     -64.39339     -87.58240     -45.64739    -100.20060
        8           61.96347      25.02419       2.29439    1376.58593      92.36534      28.21725      64.14810     172.15797     -59.08553      77.08383      38.29728    -521.49882     -24.13648     -51.31146      20.48362     -71.73215    -173.52093     -11.76419    -221.65915
        9           64.66443      10.69239       3.91353    -386.07854      74.06139      70.82772       3.23368     -59.08553     247.24916      62.14041      70.78247    -150.80520     -50.27969      -4.61980     -19.75348    -141.86867      21.51154    -231.74703      67.66132
       10           72.26630      23.44219       3.25733     903.74678      99.72098      48.78748      50.93349      77.08383      62.14041      82.96194      56.65265    -422.63066     -40.63926     -34.90042       4.50126    -119.32875    -104.86206    -118.60506    -114.44802
       11           52.85412      12.15360       2.24390     281.99084      66.76893      44.87167      21.89726      38.29728      70.78247      56.65265      47.81428    -254.50164     -31.04416     -20.18232      -1.42316     -89.97544     -55.09458    -103.13302     -56.25052
       12         -357.71771    -135.90237     -17.59672   -5980.64883    -510.56243    -198.35741    -312.20502    -521.49882    -150.80520    -422.63066    -254.50164    4660.79953     358.76105     386.63547    -101.05465    1083.54507    1200.03549    1015.29446    1353.32537
       13          -36.70778     -10.74878      -1.72605    -327.62355     -49.19260     -27.43019     -21.76242     -24.13648     -50.27969     -40.63926     -31.04416     358.76105      39.86862      26.94628      -1.49718     115.62182      77.63311     124.32347      82.80889
       14          -29.15050     -11.52912      -1.44129    -525.00441     -42.26493     -15.30542     -26.95951     -51.31146      -4.61980     -34.90042     -20.18232     386.63547      26.94628      34.87706     -10.22601      80.94233     108.47433      72.22860     123.06103
       15            2.29193       2.70336       0.08073     220.51587       5.36496      -3.17187       8.53683      20.48362     -19.75348       4.50126      -1.42316    -101.05465      -1.49718     -10.22601       6.08438      -6.51323     -35.70093       3.09833     -42.58487
       16         -107.43796     -31.08430      -4.85158   -1012.72545    -143.59952     -79.20613     -64.39339     -71.73215    -141.86867    -119.32875     -89.97544    1083.54507     115.62182      80.94233      -6.51323     342.26023     236.06163     367.24616     251.17949
       17          -85.57010     -35.59230      -3.93928   -1789.03773    -126.87869     -39.29630     -87.58240    -173.52093      21.51154    -104.86206     -55.09458    1200.03549      77.63311     108.47433     -35.70093     236.06163     346.61171     192.86676     398.27531
       18         -111.74870     -26.18725      -5.14635    -502.08726    -140.90946     -95.26207     -45.64739     -11.76419    -231.74703    -118.60506    -103.13302    1015.29446     124.32347      72.22860       3.09833     367.24616     192.86676     446.30708     179.06979
       19          -92.09142     -39.63000      -4.01432   -2095.98688    -138.62189     -38.42128    -100.20060    -221.65915      67.66132    -114.44802     -56.25052    1353.32537      82.80889     123.06103     -42.58487     251.17949     398.27531     179.06979     476.60366
#  ==========================================================================


#                    CORRELATION MATRIX

#    Layer             1             2             3             4             5             6             7             8             9            10            11            12            13            14            15            16            17            18            19
#  --------------------------------------------------------------------------
        1            1.00000       0.74142       0.68980       0.55072       0.97846       0.88080       0.68347       0.58875       0.51269       0.98913       0.95292      -0.65323      -0.72477      -0.61537       0.11584      -0.72400      -0.57300      -0.65945      -0.52589
        2            0.74142       1.00000       0.85762       0.81888       0.85002       0.37748       0.95030       0.59519       0.21221       0.80319       0.54851      -0.62124      -0.53126      -0.60924       0.34202      -0.52435      -0.59661      -0.38684      -0.56651
        3            0.68980       0.85762       1.00000       0.42825       0.73625       0.50213       0.66202       0.33636       0.47874       0.68789       0.62420      -0.49579      -0.52582      -0.46944       0.06296      -0.50443      -0.40700      -0.46857      -0.35370
        4            0.55072       0.81888       0.42825       1.00000       0.68957       0.10939       0.95195       0.70405      -0.16477       0.66585       0.27367      -0.58787      -0.34820      -0.59657       0.59993      -0.36735      -0.64486      -0.15949      -0.64428
        5            0.97846       0.85002       0.73625       0.68957       1.00000       0.77493       0.81370       0.63963       0.42796       0.99479       0.87736      -0.67952      -0.70789      -0.65027       0.19762      -0.70527      -0.61923      -0.60605      -0.57695
        6            0.88080       0.37748       0.50213       0.10939       0.77493       1.00000       0.26317       0.32431       0.67927       0.80775       0.97859      -0.43815      -0.65512      -0.39083      -0.19392      -0.64564      -0.31830      -0.68001      -0.26540
        7            0.68347       0.95030       0.66202       0.95195       0.81370       0.26317       1.00000       0.67806       0.02852       0.77556       0.43920      -0.63425      -0.47802      -0.63313       0.48000      -0.48274      -0.65245      -0.29967      -0.63656
        8            0.58875       0.59519       0.33636       0.70405       0.63963       0.32431       0.67806       1.00000      -0.28638       0.64500       0.42211      -0.58218      -0.29134      -0.66219       0.63290      -0.29551      -0.71034      -0.04244      -0.77383
        9            0.51269       0.21221       0.47874      -0.16477       0.42796       0.67927       0.02852      -0.28638       1.00000       0.43388       0.65100      -0.14048      -0.50642      -0.04975      -0.50929      -0.48769       0.07348      -0.69764       0.19710
       10            0.98913       0.80319       0.68789       0.66585       0.99479       0.80775       0.77556       0.64500       0.43388       1.00000       0.89950      -0.67966      -0.70663      -0.64882       0.20035      -0.70815      -0.61838      -0.61638      -0.57556
       11            0.95292       0.54851       0.62420       0.27367       0.87736       0.97859       0.43920       0.42211       0.65100       0.89950       1.00000      -0.53912      -0.71103      -0.49422      -0.08344      -0.70334      -0.42797      -0.70600      -0.37262
       12           -0.65323      -0.62124      -0.49579      -0.58787      -0.67952      -0.43815      -0.63425      -0.58218      -0.14048      -0.67966      -0.53912       1.00000       0.83226       0.95896      -0.60009       0.85790       0.94415       0.70396       0.90802
       13           -0.72477      -0.53126      -0.52582      -0.34820      -0.70789      -0.65512      -0.47802      -0.29134      -0.50642      -0.70663      -0.71103       0.83226       1.00000       0.72263      -0.09613       0.98980       0.66040       0.93201       0.60073
       14           -0.61537      -0.60924      -0.46944      -0.59657      -0.65027      -0.39083      -0.63313      -0.66219      -0.04975      -0.64882      -0.49422       0.95896       0.72263       1.00000      -0.70199       0.74085       0.98659       0.57893       0.95449
       15            0.11584       0.34202       0.06296       0.59993       0.19762      -0.19392       0.48000       0.63290      -0.50929       0.20035      -0.08344      -0.60009      -0.09613      -0.70199       1.00000      -0.14273      -0.77741       0.05946      -0.79080
       16           -0.72400      -0.52435      -0.50443      -0.36735      -0.70527      -0.64564      -0.48274      -0.29551      -0.48769      -0.70815      -0.70334       0.85790       0.98980       0.74085      -0.14273       1.00000       0.68537       0.93964       0.62191
       17           -0.57300      -0.59661      -0.40700      -0.64486      -0.61923      -0.31830      -0.65245      -0.71034       0.07348      -0.61838      -0.42797       0.94415       0.66040       0.98659      -0.77741       0.68537       1.00000       0.49036       0.97990
       18           -0.65945      -0.38684      -0.46857      -0.15949      -0.60605      -0.68001      -0.29967      -0.04244      -0.69764      -0.61638      -0.70600       0.70396       0.93201       0.57893       0.05946       0.93964       0.49036       1.00000       0.38826
       19           -0.52589      -0.56651      -0.35370      -0.64428      -0.57695      -0.26540      -0.63656      -0.77383       0.19710      -0.57556      -0.37262       0.90802       0.60073       0.95449      -0.79080       0.62191       0.97990       0.38826       1.00000
#  ==========================================================================


#                 EIGENVALUES AND EIGENVECTORS

# Number of Input Layers     Number of Principal Component Layers
           19                             19
# PC Layer             1             2             3             4             5             6             7             8             9            10            11            12            13            14            15            16            17            18            19
#  --------------------------------------------------------------------------
# Eigenvalues
               2.489025e+004 3.670375e+003 5.862877e+002 1.608968e+002 4.613583e+001 1.899865e+001 1.180417e+001 8.598678e+000 4.293269e+000 2.363870e+000 6.616782e-001 3.298600e-001 1.581870e-001 1.249417e-001 6.748053e-002 1.228984e-002 6.101210e-003 4.213688e-003 4.091289e-010
# Eigenvectors
# Input Layer
        1      3.080050e-002 -5.172735e-002 1.612670e-001 -3.023853e-001 -4.066324e-002 -4.778567e-002 -2.513204e-001 4.936154e-002 7.155313e-003 2.466857e-002 1.498816e-001 -1.819718e-001 -2.922602e-001 -3.443850e-001 2.737261e-002 -6.001654e-001 4.333561e-001 -1.989760e-002 -6.495561e-007
        2      1.698203e-002 -4.586801e-003 3.646146e-002 -3.666186e-002 6.470160e-002 -5.075047e-002 -5.210758e-002 -3.263027e-001 -4.257752e-001 4.652187e-002 5.974797e-002 1.078129e-002 -1.236807e-001 1.570092e-001 7.237564e-001 3.463720e-002 -1.808778e-002 -3.586538e-001 -1.679151e-006
        3      1.538256e-003 -2.370224e-003 8.516225e-003 -9.357704e-003 2.171502e-002 -1.917690e-002 -1.528542e-002 -7.490816e-002 -9.859693e-002 3.548422e-003 4.083539e-003 2.006114e-002 -6.243453e-002 7.546542e-002 3.335686e-001 3.183945e-002 8.127217e-002 9.243996e-001 4.619278e-006
        4      9.358152e-001 3.317688e-001 7.612552e-002 6.825096e-002 -2.073687e-004 1.565467e-002 1.295046e-002 3.064068e-002 3.968002e-002 5.738758e-003 -9.346355e-003 2.636426e-003 -3.666171e-003 1.476332e-003 1.731202e-002 1.148750e-002 1.490185e-002 -1.816919e-003 2.580416e-009
        5      5.116268e-002 -5.413812e-002 2.032068e-001 -3.469697e-001 -2.977948e-002 -2.411208e-002 -2.873461e-001 -2.134312e-001 -1.951650e-001 -1.516487e-002 -9.589456e-002 1.737013e-001 3.628210e-001 3.076908e-001 -2.396264e-001 -5.007571e-002 7.094327e-002 2.977972e-002 5.773504e-001
        6      7.442941e-003 -5.658363e-002 1.550627e-001 -3.053798e-001 -7.261444e-002 -2.346894e-002 -2.321873e-001 2.089460e-001 3.047616e-001 -3.113179e-002 -2.134837e-001 1.904076e-001 2.608829e-001 3.841077e-001 1.964698e-001 -7.036914e-002 7.364609e-002 -4.961102e-002 -5.773505e-001
        7      4.371974e-002 2.445513e-003 4.814415e-002 -4.158986e-002 4.283496e-002 -6.431265e-004 -5.515873e-002 -4.223771e-001 -4.999266e-001 1.596695e-002 1.175891e-001 -1.670628e-002 1.019381e-001 -7.641670e-002 -4.360961e-001 2.029491e-002 -2.702850e-003 7.939930e-002 -5.773499e-001
        8      6.079055e-002 -2.115771e-002 -1.638190e-001 -5.792561e-001 -2.019035e-001 -2.353083e-001 6.774339e-001 1.804500e-001 -1.990588e-001 -7.097836e-002 2.026229e-002 1.748221e-002 2.201338e-002 5.381309e-004 -1.082924e-003 6.305989e-004 1.292092e-003 1.445906e-003 4.858091e-009
        9      -1.223201e-002 -1.026555e-001 5.555483e-001 -9.309346e-002 6.618700e-001 7.387461e-002 3.842170e-001 -1.614545e-001 2.264839e-001 8.121721e-003 5.038711e-002 -1.068318e-002 1.674529e-002 -2.187365e-002 3.386854e-003 2.444463e-003 -7.067766e-004 -1.241433e-003 -4.037680e-009
       10      4.113286e-002 -4.797769e-002 1.673536e-001 -3.064880e-001 -4.247274e-002 -3.075039e-002 -2.462427e-001 5.658147e-002 2.081946e-002 2.496925e-002 3.625269e-002 -1.149809e-001 -2.058192e-001 -1.504708e-001 8.747969e-003 -6.316925e-002 -8.470997e-001 7.237516e-002 3.056824e-007
       11      1.491411e-002 -5.684538e-002 1.598370e-001 -3.003606e-001 -4.722621e-002 -2.085219e-002 -2.443964e-001 8.817176e-002 4.496075e-002 1.499194e-002 8.456255e-002 -1.430281e-001 -2.097184e-001 -1.933777e-001 -2.085450e-002 7.897517e-001 2.720037e-001 -3.540308e-002 4.700903e-007
       12      -2.993524e-001 8.085648e-001 1.988494e-001 -1.393954e-001 -1.675429e-001 4.001455e-001 7.868269e-002 -3.620134e-002 7.184095e-006 -6.098614e-003 3.264114e-002 -1.527675e-003 -1.610148e-002 1.130731e-002 2.051959e-002 -5.753814e-003 1.981108e-003 4.547511e-004 1.657820e-009
       13      -1.804750e-002 7.985417e-002 -9.523680e-002 -2.354135e-002 1.939860e-001 -6.001321e-002 -1.069609e-001 2.521208e-001 -4.683294e-002 1.104663e-001 6.599523e-001 6.448098e-001 -2.485035e-002 -1.359080e-002 -1.341643e-002 1.012758e-002 -2.513835e-002 -2.460657e-003 -2.048914e-008
       14      -2.598193e-002 6.377054e-002 4.731652e-002 4.270862e-002 -9.983131e-002 -2.011385e-001 -2.561378e-002 -2.559213e-002 1.230568e-001 3.705994e-002 3.815723e-001 -3.471678e-001 7.173812e-001 -3.032896e-001 2.182523e-001 2.170096e-002 -4.410717e-002 1.229626e-002 7.131743e-008
       15      9.923516e-003 -6.388261e-003 -6.608767e-002 4.902716e-003 8.805366e-002 5.152881e-002 -1.732292e-002 1.560270e-001 -2.057257e-002 -5.260209e-002 4.524297e-001 -5.434973e-001 -1.463787e-001 6.460668e-001 -1.308427e-001 -3.314317e-002 8.594154e-003 4.757911e-003 6.209653e-008
       16      -5.533603e-002 2.374756e-001 -2.638211e-001 -1.097831e-001 5.470813e-001 -9.546814e-002 -1.555084e-001 3.852387e-001 -2.914111e-001 3.686876e-001 -3.141906e-001 -1.821627e-001 1.418059e-001 -6.922409e-002 -6.634552e-003 -4.267489e-003 1.197218e-002 5.395657e-003 3.035730e-008
       17      -8.669275e-002 1.800789e-001 2.183521e-001 1.284718e-001 -1.990661e-001 -5.987895e-001 6.738594e-002 -1.608650e-001 1.573015e-001 6.104668e-001 -2.492102e-002 1.798274e-002 -1.743796e-001 1.671324e-001 -1.017902e-001 3.136713e-003 1.375355e-002 4.373839e-003 4.206014e-008
       18      -3.481778e-002 2.728498e-001 -4.647261e-001 -2.206512e-001 2.808990e-001 -3.292049e-001 -1.248704e-001 -4.423375e-001 3.730320e-001 -3.352606e-001 3.934632e-003 1.776050e-003 -9.383006e-002 7.053111e-003 -2.254973e-002 1.210921e-002 -5.413080e-003 -6.230556e-003 -3.065690e-008
       19      -1.008238e-001 1.924530e-001 3.487804e-001 2.442659e-001 3.965503e-002 -4.983161e-001 -6.627056e-002 2.957989e-001 -2.579185e-001 -5.936287e-001 -8.720151e-002 1.871681e-002 -4.377546e-002 2.891218e-003 -2.942678e-002 8.088763e-004 -1.029085e-003 -6.237823e-003 -4.454277e-008
#  ==========================================================================

#                 PERCENT AND ACCUMULATIVE EIGENVALUES

# PC Layer   EigenValue   Percent of EigenValues   Accumulative of EigenValues
        1 2.489025e+004          84.6568               84.6568
        2 3.670375e+003          12.4837               97.1405
        3 5.862877e+002           1.9941               99.1345
        4 1.608968e+002           0.5472               99.6818
        5 4.613583e+001           0.1569               99.8387
        6 1.899865e+001           0.0646               99.9033
        7 1.180417e+001           0.0401               99.9435
        8 8.598678e+000           0.0292               99.9727
        9 4.293269e+000           0.0146               99.9873
       10 2.363870e+000           0.0080               99.9954
       11 6.616782e-001           0.0023               99.9976
       12 3.298600e-001           0.0011               99.9987
       13 1.581870e-001           0.0005               99.9993
       14 1.249417e-001           0.0004               99.9997
       15 6.748053e-002           0.0002               99.9999
       16 1.228984e-002           0.0000              100.0000
       17 6.101210e-003           0.0000              100.0000
       18 4.213688e-003           0.0000              100.0000
       19 4.091289e-010           0.0000              100.0000
#  ==========================================================================
